[MAIN]
AccFrames=1
Date=2021-08-05
Device=VEGA3 LMU
FullUserName=guest
ImageStripSize=90
Magnification=399.84
PixelSizeX=676.04e-9
PixelSizeY=676.04e-9
SerialNumber=117-0299
TagRevision=2
Time=10:33:08
UserName=guest
Version=4.2.33.0

[SEM]
3DBeamTiltX=0.0
3DBeamTiltY=0.0
BeamIntensityIndex=10.000
ChamberPressure=38.978e-3
Detector=SE
DwellTime=10.0000e-6
EmissionCurrent=134.40e-6
Gun=W
GunShiftX=9.0000
GunShiftY=-11.000
GunTiltX=2.9200
GunTiltY=-2.1900
HV=5.0000e3
IMLCenteringX=8.2700
IMLCenteringY=22.100
ImageShiftX=0.0
ImageShiftY=0.0
LUTGamma=1.0000
LUTMaximum=255
LUTMinimum=0
MixingMode=0
OBJCenteringX=2.4700
OBJCenteringY=-630.00e-3
PrimaryDetectorGain=30.273
PrimaryDetectorOffset=93.125
ScanMode=DEPTH
ScanRotation=0.0
ScanSpeed=5
SpecimenCurrent=12.8937728938e-12
SpotSize=1.03653864249e-6
StageRotation=55.00012
StageTilt=0.0
StageX=9.968750e-3
StageY=-7.990781e-3
StageZ=45.58062e-3
StigmatorX=-4.0200
StigmatorY=-1.1700
SystemPressure=57.490e-3
TiltCorrection=0.0
WD=44.110e-3

