[MAIN]
AccFrames=1
Date=2021-08-05
Device=VEGA3 LMU
FullUserName=guest
ImageStripSize=90
Magnification=162.10
PixelSizeX=1.6676e-6
PixelSizeY=1.6676e-6
SerialNumber=117-0299
TagRevision=2
Time=10:27:47
UserName=guest
Version=4.2.33.0

[SEM]
3DBeamTiltX=0.0
3DBeamTiltY=0.0
BeamIntensityIndex=10.000
ChamberPressure=38.978e-3
Detector=SE
DwellTime=10.0000e-6
EmissionCurrent=134.73e-6
Gun=W
GunShiftX=9.0000
GunShiftY=-11.000
GunTiltX=2.9200
GunTiltY=-2.1900
HV=5.0000e3
IMLCenteringX=8.2700
IMLCenteringY=22.100
ImageShiftX=0.0
ImageShiftY=0.0
LUTGamma=1.0000
LUTMaximum=255
LUTMinimum=0
MixingMode=0
OBJCenteringX=2.4700
OBJCenteringY=-630.00e-3
PrimaryDetectorGain=31.445
PrimaryDetectorOffset=93.125
ScanMode=DEPTH
ScanRotation=0.0
ScanSpeed=5
SpecimenCurrent=7.03296703297e-12
SpotSize=1.03958058233e-6
StageRotation=59.99963
StageTilt=0.0
StageX=7.389375e-3
StageY=-6.710469e-3
StageZ=45.58563e-3
StigmatorX=-4.0200
StigmatorY=-1.1700
SystemPressure=57.490e-3
TiltCorrection=0.0
WD=44.257e-3

