[MAIN]
AccFrames=1
Date=2021-08-05
Device=VEGA3 LMU
FullUserName=guest
ImageStripSize=90
Magnification=1.1414e3
PixelSizeX=236.83e-9
PixelSizeY=236.83e-9
SerialNumber=117-0299
TagRevision=2
Time=10:43:20
UserName=guest
Version=4.2.33.0

[SEM]
3DBeamTiltX=0.0
3DBeamTiltY=0.0
BeamIntensityIndex=10.000
ChamberPressure=38.192e-3
Detector=SE
DwellTime=10.0000e-6
EmissionCurrent=134.40e-6
Gun=W
GunShiftX=9.0000
GunShiftY=-11.000
GunTiltX=2.9200
GunTiltY=-2.1900
HV=5.0000e3
IMLCenteringX=8.2700
IMLCenteringY=22.100
ImageShiftX=0.0
ImageShiftY=0.0
LUTGamma=1.0000
LUTMaximum=255
LUTMinimum=0
MixingMode=0
OBJCenteringX=2.4700
OBJCenteringY=-630.00e-3
PrimaryDetectorGain=29.492
PrimaryDetectorOffset=92.969
ScanMode=DEPTH
ScanRotation=0.0
ScanSpeed=5
SpecimenCurrent=1.75824175824e-12
SpotSize=1.03153793805e-6
StageRotation=55.00012
StageTilt=9.999633
StageX=10.34922e-3
StageY=-8.579062e-3
StageZ=45.60187e-3
StigmatorX=-4.0200
StigmatorY=-1.1700
SystemPressure=57.490e-3
TiltCorrection=0.0
WD=43.864e-3

